BIOLOGICAL---------------------------------------
arcene_700_5000_100
target_dim [ 5.  6.  7.  8.  9. 10. 11. 12. 13. 14. 15. 16. 17. 18. 19. 20. 21. 22. 23. 24.]
oblivious distortion [3.62091910e+13 2.91468241e+13 2.24983282e+13 2.40087870e+13 1.60379504e+13 1.57733153e+13 1.22634352e+13 1.29975706e+13 1.31230344e+13 1.40331345e+13 1.04381839e+13 8.58019858e+12 1.06911054e+13 8.20324444e+12 8.17081127e+12 8.27080860e+12 8.90754864e+12 7.09654506e+12 6.82032289e+12
 7.23677284e+12]
oblivious distortion var [4.17585359e+13 4.33147177e+13 2.18438034e+13 2.41196158e+13 1.68173791e+13 1.10806646e+13 7.28323515e+12 1.08337604e+13 1.20690095e+13 1.42005453e+13 8.34092911e+12 5.49664702e+12 1.06636584e+13 5.52473861e+12 6.38788286e+12 7.23576437e+12 7.03276596e+12 5.23380448e+12 5.58219289e+12
 5.95666266e+12]
quick distortion [4.25373452e+13 3.22730636e+13 2.02443610e+13 1.96922261e+13 1.72729577e+13 1.59697866e+13 1.33579470e+13 1.16906912e+13 1.27385585e+13 1.72970281e+13 1.09659302e+13 1.04607277e+13 9.31822283e+12 1.03158552e+13 9.21960634e+12 8.89888290e+12 8.29811303e+12 7.74359819e+12 7.58577684e+12
 6.99490213e+12]
quick distortion [5.94307291e+13 6.04697611e+13 1.86222381e+13 1.45033393e+13 1.19344642e+13 1.35897354e+13 8.48051682e+12 7.36615126e+12 9.12996513e+12 1.98511606e+13 1.13517830e+13 7.89979591e+12 8.50665015e+12 8.82636799e+12 6.94274827e+12 8.12343008e+12 5.96321948e+12 6.05186459e+12 5.90348308e+12
 4.80821678e+12]
optimal distortion [3.49158247e+13 2.45369115e+13 2.71735675e+13 2.19392853e+13 1.68575665e+13 2.13518074e+13 1.28806758e+13 1.46972077e+13 1.31593166e+13 1.17000194e+13 1.14178552e+13 9.22538895e+12 1.10177330e+13 9.83774860e+12 8.73085572e+12 8.04615950e+12 6.51575390e+12 6.75021150e+12 7.13792072e+12
 7.22963359e+12]
optimal distortion [3.78598835e+13 2.62324993e+13 3.15295853e+13 2.22523974e+13 1.30811941e+13 3.78057190e+13 1.16974724e+13 1.27890916e+13 1.13148166e+13 9.19168743e+12 1.09547294e+13 5.87790821e+12 1.13234661e+13 8.28314363e+12 8.00941866e+12 9.57774863e+12 4.52890619e+12 5.48277555e+12 6.54854200e+12
 6.59894751e+12]
arcene_5000_700_100
target_dim [ 5.  6.  7.  8.  9. 10. 11. 12. 13. 14. 15. 16. 17. 18. 19. 20. 21. 22. 23. 24.]
oblivious distortion [2.13398320e+14 1.80050944e+14 1.43195391e+14 1.29062090e+14 1.10507022e+14 9.58273094e+13 8.50202838e+13 8.44682544e+13 7.28347606e+13 7.04661289e+13 5.83329902e+13 5.77479702e+13 5.80960316e+13 5.16225395e+13 4.87397464e+13 4.75786946e+13 4.81039643e+13 4.13935161e+13 4.04613501e+13
 3.89741170e+13]
oblivious distortion var [1.32226766e+14 7.70990489e+13 1.03713620e+14 6.36712412e+13 4.65893956e+13 4.63724279e+13 3.71019983e+13 4.94126615e+13 2.76534691e+13 3.16934738e+13 2.07650760e+13 1.81000302e+13 2.55838629e+13 1.90776778e+13 1.69227027e+13 2.07250294e+13 1.76426596e+13 1.65806445e+13 1.55558944e+13
 1.39683961e+13]
quick distortion [6.19737370e+13 5.31659651e+13 4.62621193e+13 3.79377789e+13 3.45562939e+13 3.11428602e+13 2.93963820e+13 2.66184057e+13 2.41481592e+13 2.22225995e+13 2.07647297e+13 1.97712414e+13 1.89728715e+13 1.79923200e+13 1.68794063e+13 1.55920332e+13 1.55754033e+13 1.40499444e+13 1.43079346e+13
 1.30616373e+13]
quick distortion [2.13136173e+13 2.08580468e+13 1.69690186e+13 1.18849365e+13 9.78940422e+12 9.52355638e+12 9.92977558e+12 8.37410902e+12 7.44656056e+12 5.62698134e+12 4.73823647e+12 5.17906820e+12 5.51707776e+12 5.73398840e+12 4.88014942e+12 4.11590606e+12 4.39948068e+12 3.47618590e+12 4.05972627e+12
 3.20019273e+12]
optimal distortion [1.41973338e+12 1.14012490e+12 1.03619016e+12 9.39165559e+11 7.61141734e+11 7.27623675e+11 6.27615874e+11 6.20031129e+11 5.89018639e+11 5.01414922e+11 4.87098936e+11 4.39084617e+11 4.58226674e+11 3.95267006e+11 4.08126935e+11 3.77861829e+11 3.55277172e+11 3.21656000e+11 3.09203435e+11
 3.06355444e+11]
optimal distortion [6.43635180e+11 3.85846977e+11 3.80835154e+11 3.65112077e+11 2.53791991e+11 2.31624296e+11 1.64794000e+11 1.81509762e+11 1.68600210e+11 1.18768488e+11 1.34016608e+11 1.03768662e+11 1.37385195e+11 9.24981542e+10 1.30225547e+11 1.13184488e+11 9.50394246e+10 6.61182772e+10 7.14277269e+10
 7.16889387e+10]
isolet_308_1559_100
target_dim [ 5.  6.  7.  8.  9. 10. 11. 12. 13. 14. 15. 16. 17. 18. 19. 20. 21. 22. 23. 24.]
oblivious distortion [658.86664711 585.11512428 494.09872112 452.78480028 415.59238957 371.1775517  334.17450297 315.4910137  303.71415095 281.50365054 260.68821    260.25758011 243.77088542 237.8270329  218.08483354 215.95086098 207.36046746 200.59575274 190.57555639 189.32795082]
oblivious distortion var [205.48493287 188.00802694 109.89590356 102.14600394  98.6804022   85.96690111  63.8546649   65.42521828  72.9238155   55.43276984  51.75690382  47.59590398  44.96398142  44.17642129  43.04424245  40.04500775  36.20271546  34.2846059   32.73956722  33.23257587]
quick distortion [591.33842746 504.17933214 417.11890321 391.91495844 350.68697594 319.31640571 295.64345783 266.24655593 263.85110987 248.8616053  231.64244892 228.03085303 213.85955046 199.51237833 193.84294022 190.00333936 177.11852411 175.00128723 173.84648466 167.10310514]
quick distortion [180.37677415 139.49045656  87.91931436 107.62753486  75.53872045  68.78042879  56.0058118   47.36395135  50.57820753  52.25958968  45.95008688  36.8381169   35.7225789   33.40690711  28.63944848  29.02214702  23.69455497  26.8080636   28.91980192  27.03294358]
optimal distortion [266.12228954 230.985713   202.78735489 183.27446011 174.85341955 165.88094055 148.38362716 144.09744167 139.95699726 131.43491516 128.56603891 121.76527575 117.82438708 115.50204853 110.55349432 108.89899243 106.93377222 101.59715978 102.88135005 102.14073069]
optimal distortion [57.52461927 48.3461901  33.79474409 32.45551199 32.19102907 31.33673612 20.22220288 20.11810164 21.21143011 19.6885348  19.07207471 16.88024979 16.13084363 20.26042316 14.6618567  15.84857374 16.27163217 12.66238212 14.95633536 12.82730956]
isolet_t_1559_308_100
target_dim [300. 301. 302. 303. 304. 305. 306. 307. 308. 309. 310. 311. 312. 313. 314. 315. 316. 317. 318. 319.]
oblivious distortion [47577.17232084 49677.2136534  48321.24235712 48480.85156347 49375.64272546 49253.03300147 49587.73978617 49213.31584046 49507.74430268 48347.37993304 48358.10427223 49159.22103956 48512.11527639 49265.11674992 48115.78072304 48226.85900706 48091.53054598 48787.12545508 49115.86573175
 48857.7613132 ]
oblivious distortion var [5486.78484005 5936.11270428 6395.72992468 6302.71730933 5542.0415188  5566.72477591 6132.68621487 5553.04719484 6001.99491206 5664.16288156 5608.3477721  5296.48925356 6299.42378986 5833.69269763 5888.37514792 6718.19832981 5485.77481782 5689.73460913 6704.54497661 5316.15501463]
quick distortion [49389.51717312 49191.29212963 47796.51172059 49643.6914251  49528.3832232  48628.77118003 48776.04656675 48335.8327142  48484.88718889 47973.99279907 48307.0516631  48038.16279789 48238.01362953 48776.14428265 48932.30521264 47814.73992549 48454.40459126 48323.19267168 49458.75340974
 49042.70976435]
quick distortion [5579.33579894 5074.79926925 6213.09002823 6250.76560617 5757.03766837 6540.1865864  6037.03897993 5773.93312115 6797.46731069 5981.30991338 5951.11430607 5338.14367074 5709.44241656 5709.04567578 5777.8729461  6063.93177029 5526.33835562 6024.94016753 5189.29509994 5612.62097078]
optimal distortion [47513.87899366 48008.16697873 47403.76641229 47734.887892   48374.30434139 48166.79365845 49467.55898811 49198.96242409 47132.32388475 48050.06643752 48289.52216361 48831.90307004 49477.28086455 48299.82126965 47994.33288246 47914.44879514 48181.79541943 48226.02134955 48157.21963423
 48888.78337687]
optimal distortion [5128.80791345 4634.75862342 4663.666518   4628.01302659 4346.05600341 5154.6907275  5308.8622688  6093.5930899  5049.53464141 5430.57146874 5102.88941122 5316.98547716 4265.04072817 5359.08384239 4209.51474072 5196.25266724 4359.42235039 5384.41481156 5489.87529184 5723.14190776]
-
-
-
-
-
SPARSE---------------------------------------
go_sf_3853_2593_100
target_dim [ 5.  6.  7.  8.  9. 10. 11. 12. 13. 14. 15. 16. 17. 18. 19. 20. 21. 22. 23. 24.]
oblivious distortion [33.70790395 28.42322685 24.90781976 21.02196307 18.36283386 16.5686742  15.46609201 13.87756497 13.14176005 12.12409534 11.43276431 10.37153115  9.87374827  9.33059938  8.76775817  8.40214247  7.9967935   7.62153216  7.17716737  7.02625711]
oblivious distortion var [7.31918975 6.89426319 4.83619242 4.07955936 3.10827152 2.30773525 2.22445611 1.89957901 2.21467081 1.82461078 1.79954748 1.20167102 1.29826065 1.27189655 1.17525628 0.85094126 0.87206847 1.07662066 0.88307021 0.86484825]
quick distortion [0.81537663 0.68717525 0.58075291 0.51379048 0.44560192 0.40614673 0.36676955 0.33712922 0.31217487 0.29308954 0.27135986 0.25466054 0.23817791 0.22541977 0.21500769 0.20333072 0.194709   0.18477446 0.17650036 0.16987619]
quick distortion [0.09395677 0.07396532 0.05042429 0.04393837 0.03148573 0.02913036 0.02334803 0.02346544 0.01925827 0.01630565 0.01603252 0.01765933 0.01207421 0.01368565 0.01147733 0.01075103 0.0105165  0.0094023  0.00890519 0.00911599]
optimal distortion [0.33840392 0.28220177 0.24220798 0.21189984 0.18763776 0.16969201 0.15266709 0.14225301 0.13244875 0.12058116 0.11454317 0.10744992 0.10114899 0.09470587 0.08983458 0.08524503 0.08088049 0.07768014 0.07483085 0.07192262]
optimal distortion [0.04116098 0.03100339 0.02549808 0.02036175 0.01622894 0.01482984 0.01348027 0.01095698 0.01096175 0.00974178 0.00861533 0.00775756 0.00727323 0.0070617  0.00672163 0.00591745 0.00544867 0.00503954 0.00469577 0.00449568]
go_sf_t_2593_3853_100
target_dim [ 5.  6.  7.  8.  9. 10. 11. 12. 13. 14. 15. 16. 17. 18. 19. 20. 21. 22. 23. 24.]
oblivious distortion [15.40705131 13.26709011 10.90708375  9.64651556  8.62318766  7.81392721  7.07913852  6.474446    5.92404406  5.66004135  5.28164832  4.76301319  4.65990847  4.31927811  4.12213119  4.06440795  3.71649987  3.5568358   3.38154243  3.28156449]
oblivious distortion var [3.00039789 3.72087043 2.06197334 2.01682555 1.56158965 1.35519005 1.2580906  1.14693282 1.01978345 1.04846183 0.99478994 0.68326014 0.88751522 0.62582268 0.59292438 0.60540977 0.62973853 0.52346836 0.48650327 0.40825083]
quick distortion [7.72203678 6.14844326 5.34018153 4.32332212 4.12721101 3.56284599 3.54018308 3.11934191 2.76095918 2.7221177  2.48605962 2.32844316 2.20151382 2.05909631 1.95504155 1.82524479 1.7837586  1.69989805 1.59196825 1.61210302]
quick distortion [2.4830831  1.30274969 1.54137135 0.97941716 1.00233266 0.61913085 0.9767593  0.69561294 0.44281668 0.61051463 0.50680182 0.49371773 0.38716811 0.31414058 0.35873701 0.39129763 0.37618452 0.28317559 0.2979633  0.34616573]
optimal distortion [6.3835905  5.13428985 4.51356316 3.95440648 3.57163269 3.29899289 2.86122403 2.67742728 2.40014813 2.35057852 2.22962504 2.01079667 1.9151451  1.79353758 1.70149287 1.61744173 1.51873518 1.5069696  1.35775974 1.3923996 ]
optimal distortion [1.84427598 1.34319426 1.09041524 0.93281075 1.24682303 0.72392634 0.61863731 0.71711855 0.48162301 0.60315174 0.4972158  0.46217129 0.36852992 0.37249329 0.34620206 0.31308709 0.23768774 0.30858678 0.19806713 0.29215644]
tw_oc_5673_5000_100
target_dim [ 5.  6.  7.  8.  9. 10. 11. 12. 13. 14. 15. 16. 17. 18. 19. 20. 21. 22. 23. 24.]
oblivious distortion [0.84877696 0.72715902 0.57488958 0.50087815 0.4814639  0.43327971 0.3979785  0.3484555  0.32492299 0.28553728 0.27740739 0.25335476 0.24114053 0.22801698 0.21664551 0.20676729 0.19102614 0.18634081 0.17655811 0.17156576]
oblivious distortion var [0.23008537 0.22013188 0.1429203  0.11617522 0.11365697 0.08246797 0.08822341 0.07156152 0.0634245  0.04820674 0.05175471 0.04737292 0.04782313 0.04198553 0.0402957  0.03566431 0.02865954 0.02817262 0.02638737 0.02712907]
quick distortion [0.00068129 0.0005669  0.00045571 0.00040448 0.00040415 0.00034609 0.00028905 0.00027084 0.00026961 0.00024252 0.00022609 0.0002013  0.00019573 0.00018732 0.00017191 0.00016831 0.00015428 0.00015096 0.00015612 0.00013983]
quick distortion [4.67645264e-04 2.59849085e-04 1.96099056e-04 2.03536262e-04 2.62916115e-04 1.45270346e-04 1.20603645e-04 1.05197919e-04 1.30723660e-04 1.08715463e-04 7.40596947e-05 7.22546285e-05 7.07032736e-05 5.47193243e-05 5.25945907e-05 5.83973188e-05 5.14455387e-05 4.58762084e-05 6.04974543e-05
 6.43976074e-05]
optimal distortion [0.00058761 0.00049229 0.00038071 0.00034949 0.00031431 0.00027559 0.00028814 0.00023124 0.00023452 0.00019625 0.00018186 0.00016489 0.00016787 0.00016195 0.00014416 0.00014106 0.0001268  0.00013121 0.00012256 0.0001072 ]
optimal distortion [4.01522980e-04 2.71692673e-04 1.78528606e-04 1.66382266e-04 1.50935123e-04 1.07559752e-04 1.48635178e-04 1.17458193e-04 1.01861451e-04 8.59096345e-05 6.47418306e-05 6.91159689e-05 5.95922332e-05 5.61847982e-05 4.79248739e-05 5.77102015e-05 4.49179306e-05 5.00672670e-05 3.75098493e-05
 4.44616643e-05]
tw_oc_t_5000_5673_100
target_dim [ 5.  6.  7.  8.  9. 10. 11. 12. 13. 14. 15. 16. 17. 18. 19. 20. 21. 22. 23. 24.]
oblivious distortion [0.63435495 0.5680214  0.4513744  0.41031198 0.36691173 0.32349023 0.28380914 0.27797018 0.25527596 0.23255134 0.21294012 0.20418215 0.18648525 0.17868725 0.17003119 0.16087221 0.15578274 0.14519344 0.13961199 0.13495945]
oblivious distortion var [0.20227248 0.15912146 0.10880258 0.10537185 0.08443453 0.0708286  0.05619292 0.05278992 0.05015061 0.04668069 0.03327877 0.04146179 0.03347095 0.02740311 0.03008773 0.024722   0.0270002  0.02459503 0.02396432 0.02468218]
quick distortion [0.01445429 0.01233589 0.01042612 0.00921691 0.00802332 0.00749232 0.00675904 0.00617685 0.00589433 0.0053126  0.00495184 0.00461272 0.00431587 0.00418159 0.00385196 0.00365784 0.0035858  0.0033215  0.00320924 0.00303479]
quick distortion [0.00325644 0.00390822 0.00208419 0.00199407 0.00140345 0.00182525 0.0012003  0.00103807 0.00099319 0.00109307 0.0007114  0.00075428 0.0006923  0.00071887 0.0006678  0.00071723 0.00044604 0.0004409  0.00048081 0.00033702]
optimal distortion [0.01482676 0.01172598 0.0095407  0.00874343 0.00758444 0.00700165 0.00637697 0.00569072 0.00510644 0.0048341  0.00448128 0.00432877 0.00404976 0.00380997 0.0036287  0.00350667 0.00328757 0.00316901 0.00303652 0.00282751]
optimal distortion [0.00496831 0.0026787  0.00213617 0.00202059 0.0016033  0.00143664 0.00191429 0.00114761 0.00070737 0.00078528 0.00065915 0.00076921 0.00065939 0.00075504 0.00050291 0.00064362 0.00047758 0.00056398 0.00054852 0.00036927]
-
-
-
-
-
LINEAR REGRESSION-------------------------------
slice_localization_384_53500_5_lamb_5
[-3.   -2.75 -2.5  -2.25 -2.   -1.75 -1.5  -1.25 -1.   -0.75 -0.5  -0.25  0.  ]
k 5
means [2527773.61539583 2498530.29517547 2508766.2240184  2429038.68110902 2386850.36905878 2451780.17402241 2183215.06773404 2287868.09479088 2322836.96057951 2140074.69174756 2288709.94002763 3979795.34562678 6609410.08569376]
std [   7524.4332696    33969.06046787   54352.01210812   91369.09168636   96769.6782551    89998.60975225   95472.04860786  137420.7654826   166292.96368158  100178.23310059  247080.43642039  747980.97802679 1855829.24106656]
k 10
means [2354086.41795875 2272762.56722894 2275858.96881851 2220792.85234717 2126707.54425264 2066277.06352127 1955372.36297627 1987182.58911684 1867728.44171281 1915959.29849294 1886262.01345491 2481341.78670678 4536402.44604305]
std [ 81920.62912339 143831.91931227  85514.94314075 115506.63949473 134825.312489   116693.63340119 116337.81705289 139841.44616125 206699.84103231 156716.07565563 277118.2078168  487792.29817189 871015.2509409 ]
k 15
means [1998822.35005537 1974338.92211151 2004997.99173032 1919894.26889798 1888256.08761011 1919615.15248157 1841359.6494261  1761224.1410419  1629015.29873997 1551965.57143139 1347314.37726782 2510971.93303985 3867553.23851787]
std [ 96634.86683716 171453.3107306  135653.50234486  72867.45774797  90351.67941834  84520.11959601  70498.36392212 101551.84296337 146535.26041602 194778.08531634 104542.18186717 212026.2457344  424773.31957389]
k 20
means [1756606.83944394 1790912.78970119 1811972.75788408 1793807.93363162 1809342.65147566 1707734.92272279 1751573.36287874 1722890.70138433 1551743.00566178 1412120.37900342 1305231.35842203 1945080.96052088 3361042.46313697]
std [ 25907.82625647  46350.63315414  58984.06409679  76333.24891571  50604.36686167  22671.05147708  62566.62424776  70370.4438414  120042.26735083 187696.44211435 121777.52798279 383365.67416238 789253.50138101]
k 25
means [1708440.34969587 1747495.67340236 1738761.47837449 1755592.2602772  1703518.27853861 1703067.12772199 1617131.53639376 1496308.60590944 1293763.21449431 1147374.53882224 1396394.30945273 1550327.26761857 2967529.00108459]
std [ 46590.38377064  29345.77723772  21407.00892143  26085.96347161  29674.47761459  28800.45399868 105072.99883556  62209.84302517  65569.90537961  52290.74633026 120054.36602721 168225.60675389 777511.11323417]
e2006_full_150360_16087_20_lamb_50
[-1.5  -1.25 -1.   -0.75 -0.5  -0.25  0.    0.25  0.5   0.75  1.    1.25  1.5   1.75  2.  ]
k 50
means [1.07817713e+05 3.67308176e+05 1.65222788e+06 6.08724346e+05 9.82718003e+04 9.81101366e+03 2.66468679e+02 2.65386556e+02 2.65453765e+02 2.65452386e+02 2.65295764e+02 2.65540020e+02 2.65534592e+02 2.65584888e+02 2.65543089e+02]
std [6.88794110e+04 2.59766680e+05 1.04489912e+06 3.54852643e+05 5.42153918e+04 2.11939575e+03 9.66081767e-01 3.23626540e-01 3.10250459e-01 2.86644036e-01 4.25161253e-01 2.25398000e-01 2.50971955e-01 3.13698304e-01 2.51243606e-01]
k 100
means [1.02691205e+05 2.07142302e+05 1.53704694e+06 1.34220497e+06 1.53170447e+05 6.15769861e+03 2.65749896e+02 2.65147200e+02 2.64950420e+02 2.64644948e+02 2.64641497e+02 2.64654269e+02 2.64620963e+02 2.64855842e+02 2.64741357e+02]
std [5.61561028e+04 1.93265384e+05 9.09289855e+05 1.05808650e+06 7.11486110e+04 2.20045055e+03 4.64738178e-01 4.09439258e-01 4.25014721e-01 3.73840970e-01 6.29133009e-01 4.47945725e-01 6.28037385e-01 6.27797580e-01 6.20063720e-01]
k 150
means [1.04388698e+05 1.89250040e+05 1.32102839e+06 1.84822111e+06 2.33349036e+05 4.45777477e+03 2.65384623e+02 2.64564036e+02 2.64048481e+02 2.63798614e+02 2.64120481e+02 2.63730342e+02 2.63355757e+02 2.63456629e+02 2.63068578e+02]
std [8.39864485e+04 1.18131337e+05 1.02972299e+06 1.50947418e+06 1.18930122e+05 1.46824803e+03 5.63016123e-01 5.96906314e-01 5.46963743e-01 5.53444064e-01 5.97416721e-01 4.91866133e-01 5.95367769e-01 6.82611858e-01 5.12829568e-01]
k 200
means [9.35574860e+04 1.47116023e+05 8.16622922e+05 1.69408287e+06 2.47045264e+05 3.50144838e+03 2.65314337e+02 2.64358965e+02 2.63697202e+02 2.63343791e+02 2.63196032e+02 2.63072230e+02 2.62915885e+02 2.62664520e+02 2.62612404e+02]
std [3.69633127e+04 1.08599069e+05 5.05771874e+05 1.14320059e+06 1.15978195e+05 9.97337012e+02 6.53757984e-01 5.63120628e-01 6.79381885e-01 4.85638737e-01 7.32476228e-01 5.53186827e-01 6.39833899e-01 6.62564137e-01 5.20605417e-01]
k 250
means [1.20995341e+05 1.69871898e+05 5.36888359e+05 1.81648695e+06 2.73347217e+05 2.91919013e+03 2.65200752e+02 2.63971211e+02 2.63674748e+02 2.62800580e+02 2.62606004e+02 2.62363592e+02 2.62270119e+02 2.61844726e+02 2.61928317e+02]
std [9.33241325e+04 1.10401132e+05 2.97389700e+05 1.05678467e+06 1.07594917e+05 1.01632171e+03 6.96196172e-01 4.90081411e-01 9.19218322e-01 6.80733447e-01 7.44758900e-01 5.69277420e-01 6.33135623e-01 4.92181721e-01 4.83824126e-01]
-
-
-
-
-
LINEAR REGRESSION-------------------------------
cifar_logistic_3072_1979_100_lamb_50
[-1.5  -1.25 -1.   -0.75 -0.5  -0.25  0.    0.25  0.5   0.75  1.    1.25  1.5 ]
k 50
means [0.49527919 0.67203046 0.68467005 0.67913706 0.67878173 0.69335025 0.68152284 0.64228426 0.64253807 0.63685279 0.65213198 0.64451777 0.63649746]
std [0.02493264 0.04377798 0.03922961 0.04626978 0.03959443 0.03255145 0.04247381 0.04836184 0.05000028 0.04989318 0.04938465 0.04592411 0.04992661]
k 100
means [0.48654822 0.71822335 0.72238579 0.71964467 0.71761421 0.71893401 0.72482234 0.68502538 0.68573604 0.68548223 0.69538071 0.68538071 0.6880203 ]
std [0.01129085 0.0290761  0.03171427 0.03357825 0.03399617 0.0323972  0.03234658 0.04187971 0.03915608 0.0363993  0.03745694 0.04215326 0.03739446]
k 150
means [0.48573604 0.73010152 0.74015228 0.74147208 0.73873096 0.74538071 0.74507614 0.71345178 0.71071066 0.71847716 0.71670051 0.71558376 0.71116751]
std [0.00884167 0.02506458 0.02872123 0.02673788 0.02925246 0.02398948 0.02928877 0.03461747 0.03666433 0.0340247  0.03404192 0.0327909  0.03289324]
k 200
means [0.48436548 0.7380203  0.75340102 0.75857868 0.75162437 0.76015228 0.76020305 0.73329949 0.73126904 0.73492386 0.73401015 0.73807107 0.73604061]
std [0.00400855 0.02225291 0.02350621 0.02244229 0.02303087 0.02450652 0.02638735 0.02799178 0.03042994 0.03081498 0.02974637 0.02845358 0.03377828]
k 250
means [0.48401015 0.74385787 0.76675127 0.76593909 0.7635533  0.76309645 0.76588832 0.74284264 0.74832487 0.74827411 0.74939086 0.74893401 0.75446701]
std [0.00432962 0.01759043 0.02489251 0.02316073 0.02272593 0.02139285 0.02618305 0.02822828 0.0295916  0.03212115 0.02835065 0.02817529 0.02385954]
rcv1_47236_20242_15_lamb_50
[-1.5  -1.25 -1.   -0.75 -0.5  -0.25  0.    0.25  0.5   0.75  1.    1.25  1.5   1.75  2.  ]
k 50
means [0.5023386  0.50362319 0.49884717 0.56613966 0.55991436 0.55444664 0.56719368 0.57895257 0.58619895 0.56916996 0.56916996 0.56916996 0.56916996 0.56916996 0.56916996]
std [1.45063716e-02 1.57883027e-02 1.56755486e-02 7.47091920e-03 8.90510608e-03 1.28042297e-02 1.80066171e-02 2.03784235e-02 1.60603440e-02 1.11022302e-16 1.11022302e-16 1.11022302e-16 1.11022302e-16 1.11022302e-16 1.11022302e-16]
k 100
means [0.49782609 0.5        0.50230567 0.57071805 0.56630435 0.57213439 0.581917   0.61702899 0.60935441 0.56916996 0.56916996 0.56916996 0.56916996 0.56916996 0.56916996]
std [9.76179231e-03 1.42431951e-02 1.32311068e-02 7.84908210e-03 8.33443988e-03 1.30980115e-02 1.98353413e-02 2.67796082e-02 2.51071554e-02 1.11022302e-16 1.11022302e-16 1.11022302e-16 1.11022302e-16 1.11022302e-16 1.11022302e-16]
k 150
means [0.50312912 0.50082345 0.50816864 0.56495389 0.56245059 0.58376153 0.61169302 0.62575758 0.60750988 0.56916996 0.56916996 0.56916996 0.56916996 0.56916996 0.56916996]
std [1.44841422e-02 1.14892052e-02 1.12923332e-02 9.57677050e-03 7.53799951e-03 1.51510139e-02 1.91033460e-02 2.09032517e-02 2.02097043e-02 1.11022302e-16 1.11022302e-16 1.11022302e-16 1.11022302e-16 1.11022302e-16 1.11022302e-16]
k 200
means [0.5064888  0.50955204 0.5051054  0.56719368 0.56716074 0.59100791 0.61235178 0.65223979 0.60862978 0.56916996 0.56916996 0.56916996 0.56916996 0.56916996 0.56916996]
std [1.22795870e-02 1.67854971e-02 1.13495454e-02 8.67841746e-03 1.12223657e-02 1.55635809e-02 1.20453424e-02 1.63525525e-02 1.98055095e-02 1.11022302e-16 1.11022302e-16 1.11022302e-16 1.11022302e-16 1.11022302e-16 1.11022302e-16]
k 250
means [0.50240448 0.50596179 0.51235178 0.56949934 0.57424242 0.59034914 0.62345191 0.65922266 0.60810277 0.56916996 0.56916996 0.56916996 0.56916996 0.56916996 0.56916996]
std [1.48877190e-02 1.25620659e-02 1.58913845e-02 1.04398635e-02 1.20529959e-02 1.65494086e-02 2.25604425e-02 1.22405621e-02 1.47816751e-02 1.11022302e-16 1.11022302e-16 1.11022302e-16 1.11022302e-16 1.11022302e-16 1.11022302e-16]

